2.11937857 56.5838966 105.978607 -72.1123734 137.937103 18373.5273
-29.7249775 35.3589211 52.3537521 69.6144257 -260.322662 17654.9609
4.02356052 27.682375 -17.2544537 -409.998291 -275.144958 -16117.0059
-5.41582346 -0.832271755 -146.768982 535.346863 577.473022 -18904.8887
-10.2504225 9.65151596 29.6080723 66.1369934 640.282837 -17445.7578
10.6248102 35.4384689 7.77440453 576.919495 -1342.53516 -16746.6602
-22.2156143 -27.1089096 -24.5073261 466.388885 -314.419159 -22098.1133
51.809391 -51.7746468 -36.6635475 211.322739 -296.990356 19257.4688
-0.660041273 -23.6764603 9.53795528 253.987747 258.055603 17242.6094
-8.41895676 38.8776321 27.9111137 -110.507233 358.809509 14310.5596
-2.34804487 12.4197168 -5.55332088 -46.3215904 76.8452301 -5005.44824
29.5450439 -35.194149 -2.68730831 162.73291 -766.65271 -16478.9492
-16.4828548 -64.6604767 -152.074905 243.926346 342.719696 -3462.24268
-26.2291851 12.0638704 -23.4534435 -34.7131462 -1459.65271 17084.0664
6.13764143 38.2184677 5.08194923 203.188202 436.210114 9694.10938
1.45433819 18.6099567 -26.5202007 -314.848846 -1534.24841 4058.34888
-9.17070675 -66.4155121 -125.803017 -58.0323067 -63.4084778 16670.0801
-10.6385489 -45.8049469 -78.4186554 151.952499 -1448.52417 8783.26465
-0.818084061 -1.34844029 -37.7101593 47.7481537 -191.372009 -8052.77148
-20.4588757 3.80733418 -16.014307 298.718384 709.518738 14425.5732
39.8995552 38.7741356 36.7725449 -486.269623 -1095.80835 -13170.4844
-15.5297136 -13.3629942 -40.6889229 -54.7674408 218.188965 11114.8799
7.27251291 18.6098671 41.3902664 89.6780319 1151.66614 -13610.5039
5.53364944 -51.7607651 -92.9693069 122.021049 260.074371 -13518.4893
20.9557838 17.261652 196.261459 551.868103 809.571594 -21156.8223
-30.1518631 15.6715574 -24.4762917 438.632996 -1525.67749 -5065.81836
-6.28868341 25.4578571 160.642761 382.641388 -474.656311 17560.125
-8.64393806 54.797863 117.539902 320.647308 -1542.67773 -18845.0039
20.0275402 19.0701962 -31.1256752 258.133331 761.88092 -13177.4014
-34.265377 -27.4306698 1.43481934 -159.505753 -363.30191 13599.793
-27.8073597 -16.0593452 48.186264 -474.689819 1320.12988 20644.9219
-8.90803242 6.77429104 75.2471542 135.811752 1175.69312 -6039.53906
-3.92858195 28.0456581 -96.660408 264.985565 1022.21417 -21254.3164
0.686560154 -9.4390564 -13.4625473 55.887928 130.894577 10482.5352
-5.70641041 -24.9958458 -2.82297039 -238.106598 1080.12244 -3834.79517
23.5939789 -9.11042595 17.0616379 206.964951 764.633667 -8883.5127
12.0175447 13.2912779 -102.143509 -471.71225 82.3578339 17793.5312
27.7085819 2.64867544 15.1575212 408.933105 -1334.59253 -9099.88184
11.6174488 17.355444 -12.675663 -64.8860397 -923.89093 -371.210266
-8.88580704 -23.4656086 -42.4367142 -94.7750702 -174.710754 9869.41113
-7.55754519 25.9399796 8.72959328 7.48420715 186.40799 -17948.4805
-18.5422955 -28.0619926 -125.176903 620.192627 -1487.35205 -17292.3164
-5.79930019 -19.9412575 -48.0993767 -57.7357178 848.873352 -17877.0078
16.3783054 21.6853065 20.3807564 -143.35994 -1105.60059 -12352.6807
-5.58046436 -22.099453 -58.3537865 -156.801529 -370.891266 3995.11548
1.35108185 -23.3335667 -18.9650402 -11.1267424 214.011948 2229.4751
-101.739326 -60.7102051 -7.85331535 -527.229919 -1564.84216 -10954.8555
2.4427073 -16.4043388 -51.181263 -121.173424 -187.08139 -14911.1562
-16.6892757 -1.75760138 -7.19711637 -67.0364685 -888.375793 -4820.64404
-9.89308929 -16.060667 -20.8552952 41.9532242 -1383.28796 19134.6445
26.0395927 -21.0700569 -63.5220985 374.183838 -328.872711 -19031.791
-51.0540619 -8.04119205 36.2192039 -65.0791702 -1472.90991 -18129.5234
38.1117821 13.0668116 -98.2167358 71.6417007 1538.526 -13327.7207
-116.860161 53.6782303 180.74968 -460.305145 -1069.57568 1151.11572
33.0248985 13.1691217 -47.4503288 -146.160263 -1373.76685 2975.40381
11.1523752 26.0750999 27.4122066 -187.923248 427.728485 -22172.0703
61.9062195 11.6533194 54.1312485 -74.5297318 -1121.58069 -20451.4844
17.2815914 -13.8637466 -60.8438835 155.427704 39.0492058 2339.86792
-15.2120237 20.4230156 -41.2758331 132.679428 -993.61853 -22050.3398
-12.6019688 4.57029772 54.2614212 287.13562 150.417557 -16629.0137
13.1461411 -21.1749668 -25.1340733 60.4101753 308.730927 21494.0586
-21.5897617 -2.70924973 36.7317963 -56.9344406 1382.31287 6480.47363
-3.71610117 16.5725536 30.3837109 58.4330215 598.497681 -9099.53418
5.13324738 -10.7212315 -4.97844267 132.341843 -588.358337 -2723.25659
-33.0658798 21.0167561 -9.31604767 53.7255211 -593.932922 -12170.5918
-12.1492548 -34.2424431 -65.9349213 20.5564041 -1219.8905 2748.97485
16.2996616 36.4124756 74.4327087 -112.645653 958.005737 -6905.88428
12.729599 19.5007515 15.3374929 196.218796 301.752533 -11097.709
11.5097237 -21.799118 -38.8398399 213.205536 654.590149 17653.5176
-5.67355394 -56.9222221 -71.9512711 161.256851 -696.084106 22415.7461
5.36900234 18.3609123 24.5495415 -97.1964493 -418.336639 3334.88281
14.1526508 -15.2151508 -57.8708687 -343.970001 -971.915344 -19560.334
30.6037197 18.3995132 -8.23633003 -34.6385918 -1344.17224 -7609.41797
-9.72555447 -3.27877784 -29.0731754 268.428894 -205.087936 12891.1445
-16.0290546 -14.4137068 93.3795471 -212.963058 -1409.43738 -17482.4902
-8.21116352 11.9912014 -23.9062233 221.071884 -1309.82605 -16797.416
2.04830217 -1.61829042 -0.0661498532 151.858383 -166.719772 -18640.4727
7.56526279 -18.772131 -13.9572678 125.403511 166.472931 -1691.38831
-30.1259537 26.9985847 -3.35583234 315.303497 -233.371307 12027.8506
-2.97528839 12.3957996 58.5587921 -69.9285278 858.736023 -13399.7637
0.762062311 21.288435 56.0685463 185.495193 1186.81604 -12353.041
44.4769173 41.4669762 25.7046452 -473.803558 -1498.74194 -8808.74023
-16.1239948 -19.2684517 64.7769089 -311.953705 -473.778931 -17555.9395
6.2040391 12.8373585 22.6312981 -132.466736 1073.87366 18287.2715
30.9197159 -7.99575949 22.3463516 -170.251678 -237.172379 11308.9238
18.9127274 41.0058899 101.946053 -207.885559 -1354.22559 -9502.41504
-13.0226936 -3.10894132 -44.3433456 -46.5613022 73.524826 -3335.78394
2.02919054 -16.6097145 2.44843411 223.009216 -1115.84485 9696.31152
14.7890892 35.8193283 16.3405724 -43.4039497 -468.770111 -9068.91992
-4.35950661 -4.78076744 -7.74224091 -59.3666878 -390.683197 11053.125
-1.02955627 -21.127943 -10.1471844 173.885452 113.418083 1406.98389
-21.2476654 -9.95156765 9.27954769 -169.494705 765.411499 -8240.56055
32.4492645 24.3391151 31.9699898 108.598312 -137.024689 -11235.7832
1.65260541 -23.047142 -81.7137299 178.033249 470.703613 3204.93506
-6.38496733 -6.54220486 -3.50483465 -99.8311386 178.909912 13410.416
-0.738752186 32.8871307 42.7313385 358.485901 1626.7832 10854.6758
-7.38677263 4.23231125 -32.3602257 -109.441902 -967.281006 15663.5127
-12.5487175 -0.741362453 126.043335 762.625366 1848.86707 19472.9238
-9.10394859 -24.5509739 -50.2515602 44.0758362 -1009.625 -2281.64868
22.9855366 -15.8014088 -43.3749237 457.43808 1567.65308 1397.9873
7.49802732 -8.77213383 18.3078575 285.246399 149.167175 6156.95996
4.09729862 12.4877796 -105.447258 -118.5812 -1212.21082 -1964.52588
-35.362709 -2.18579769 -74.6426239 214.814117 616.633362 -9211.86133
2.51395607 -30.2259178 -106.578529 -413.316284 337.153564 22464.8496
0.818808794 -25.97822 13.2903404 -531.176941 519.587097 22190.2441
7.13742781 -19.7316341 -16.8008575 26.1540165 -729.798401 -736.280029
8.91703606 30.7267532 1.09805429 122.101692 635.45105 3151.83325
1.07227337 33.9908524 34.8440056 7.46101618 -802.517212 558.966187
-20.5033875 -8.2984066 12.6592922 -127.779747 1407.08984 -15740.4619
-18.9788933 -6.84059048 6.36383152 -86.4976044 -1393.00317 7348.38037
-1.89553297 41.2420883 97.6550064 200.283722 -1179.13599 19350.1934
-2.22872567 26.9057751 75.3028946 34.9384613 1065.02271 -15370.7637
121.287056 -89.9845352 -108.411217 577.079834 -878.586304 -6909.10449
18.7791767 -37.8257904 -23.7592621 18.9583321 683.422607 9022.72754
13.5423622 -9.53367805 -17.8555584 42.5281868 -1233.81677 16853.3027
0.885454059 -0.733291388 29.6864071 -228.114456 1021.13544 -4627.50684
-13.5662308 -3.845366 13.9858332 -189.076141 1119.93323 -21375.0098
17.1491871 20.669405 94.4711075 -174.774414 -624.472534 22295.2969
-8.78925419 -15.4146776 7.86618614 256.332367 526.063232 211.53241
10.5174332 -51.5998459 -59.7596931 76.5988007 -1453.00867 -22.812994
3.86538935 -18.682415 -70.6720963 -287.358551 155.044144 -10055.7852
20.6850338 -27.776825 -57.8428192 -266.379913 580.098816 21973.4355
-15.4694881 -14.791172 -35.781044 66.5790787 664.396118 -7503.59619
-7.67330503 -9.68694496 33.448307 139.666931 22.2094688 -11016.6494
-12.2282705 19.0959091 107.153084 -337.463928 -831.806763 19540.5684
4.77137709 -34.1048012 16.4190826 193.978226 -1095.41943 2562.46997
26.0503235 -39.066288 -37.384758 -268.870667 858.719177 15129.8857
-6.30025244 9.66379929 32.2478828 -263.447174 -66.8910065 -14908.7139
19.6204166 29.280201 90.08992 -314.182861 252.189789 -14174.4062
11.8115711 -32.2245941 -110.691536 456.415955 1740.95703 14251.7031
-50.4781113 -54.1908569 -53.0008659 45.3458519 724.77417 -3490.69971
-6.37259722 21.0204334 20.7776165 -65.1807632 -62.7533875 18683.2129
-22.9807358 31.7144909 -8.75455952 -218.571045 1518.03418 12830.0605
2.13407731 -15.3854427 -3.02552462 390.847534 -1355.67834 -15589.5234
13.6060629 39.9995651 49.1316872 11.5605135 201.846176 628.715515
1.16517174 -19.0371323 -20.7599545 -79.0145264 268.856079 -9835.38574
-20.5452919 5.30183792 -12.0750704 -84.3448563 -1326.01367 2954.83423
3.82970929 4.498559 -7.47393036 8.65123367 516.175171 7756.82568
-0.0520087183 30.314167 51.8564568 -172.646912 -222.566483 12616.6055
10.2946396 -2.58424807 7.36505318 -140.021637 -1311.66968 18868.3262
28.1216793 12.4687929 25.6001415 -26.5271034 1024.92688 8403.91797
5.24090576 -16.76651 -14.1974859 111.922333 213.549957 -8030.39941
-23.0699825 -1.65429986 71.3297882 62.2951431 -1564.67139 -6688.19482
0.840726614 14.3110132 1.36576724 -58.256073 -588.246582 1459.55505
-52.2321014 38.605938 -4.83608055 -243.662201 -1.74710059 16376.4717
-3.07521081 14.1680031 48.0845642 463.031891 -929.828735 -20220.6816
1.54974949 19.6877098 23.7903976 -245.861923 572.771118 8430.6748
-8.59492874 30.3207512 69.3056641 -72.3732529 -1129.86438 16303.0488
-12.6571579 -33.9671669 -86.4358978 199.217834 -719.635193 -6345.82715
28.7770653 -4.72088766 -40.6799622 -15.4073811 1294.80994 -20057.1484
5.15999079 25.1578445 56.4088402 -201.936844 -362.465302 -809.65271
15.86203 46.165184 166.478271 -265.35791 -706.835083 15407.2715
3.78496075 -19.1237068 -65.2342758 -12.0870514 -31.7545166 -16725.125
-5.56137276 -35.1617393 -18.7406483 -94.5345078 827.186035 -17258.623
-10.2357378 -8.16729164 -16.8199158 214.683838 -1013.61084 -3395.11255
-24.2166042 34.068306 -27.734457 375.111389 1661.60132 3054.96191
8.19334316 -20.7535934 -3.76275969 -13.7314882 -472.122253 15737.2285
-5.33706999 -1.24914491 23.9324341 472.380981 -1011.99805 -20644.4551
10.5270319 -4.69084501 1.73874629 18.3131027 -166.174881 10534.1182
-87.0696869 47.5244217 7.29419184 129.287613 1440.65625 -22169.0234
10.684679 -18.2843933 -5.90444374 248.477524 1432.06738 9557.53418
-48.1875839 18.636694 -52.298645 -468.027161 -1078.2002 -19477.3906
6.62148714 30.2825184 -10.8272476 -410.870056 -1675.42908 946.666748
26.3026371 -1.38866603 33.5606117 60.1200905 831.373962 9174.06738
64.8527451 44.9892197 65.0738373 235.861191 469.782654 2320.05054
1.60399818 2.10508823 -49.4135742 -142.950775 93.4931717 -14157.7676
-76.497406 47.1194687 65.876564 -253.102341 -1465.23828 15469.1582
56.5149002 -13.0793152 37.3330269 -245.833374 1156.27173 -14366.5264
44.1019096 -14.6508617 -59.7566223 -214.058487 -886.827148 17010.8828
-22.8285141 -28.5770702 -12.4039545 70.4050827 271.43219 15158.8008
6.26524067 -2.7169323 -43.0821228 -287.059082 -1265.72937 -2258.39526
-13.5231094 -15.7651844 -12.2810478 390.608551 -1705.4325 -9807.89844
-13.8828449 -29.5117989 59.4962616 -322.362244 -1091.96826 17580.9766
41.5648918 -46.5931244 -58.6490936 103.291992 270.96228 11727.4092
-6.39909744 34.2015305 67.0222321 -79.064476 -175.901031 5391.59375
-0.0617423579 22.9005032 105.692467 -312.623932 214.343582 -2176.97876
-8.90887165 -28.6368809 -36.0617142 10.1089067 463.443329 18018.9863
-8.92754936 -13.1342163 -48.4398117 17.3899536 225.469849 2572.70239
35.4343147 -31.3801193 -54.009243 235.874069 517.505981 11014.0996
-9.5109396 -20.5087509 -32.3717575 31.7285347 126.898834 -6997.89258
-1.26486409 10.1750832 3.98240495 -130.877045 40.4938316 -4766.77686
0.41730985 20.4238243 20.7022266 -72.734436 -588.091125 -6161.34814
3.64297032 -4.04175329 -31.9931507 118.121735 524.728699 2221.33521
20.038969 48.538868 56.6991081 82.6890411 1316.85974 -17812.2852
-12.5479126 7.12750387 69.3334274 156.401505 675.991943 -459.241211
5.76205206 25.8177643 70.2924347 58.9806938 -274.762146 -13839.9326
-7.47942066 -11.923028 -51.1561089 -27.8610077 -672.010193 4276.28955
-11.534564 10.0254955 -19.258215 198.377762 -598.097717 7276.52148
69.5304642 33.039257 -36.8049088 453.963013 1119.91125 20511.6895
20.5708504 -16.2245407 -88.1666489 429.947479 1399.30994 3369.86084
-11.59478 10.7423973 -48.9726753 149.393356 1300.37256 -7378.34229
1.89087689 6.62540483 -51.0996094 222.543015 194.35434 13447.7188
1.37096143 -21.4082565 -9.10007095 -311.026703 -416.724396 -12497.1182
-9.31922436 6.19143343 -44.2172203 44.0385094 681.3255 1761.64355
5.35088396 15.1596622 5.46056223 -536.429626 1596.86145 21204.8848
9.50192165 18.7947063 7.11928511 -225.239532 446.596497 -7244.22461
8.0440197 16.8722725 10.6435404 11.6820135 -61.5184593 -12277.4717
6.89234591 28.7385063 26.7172012 -30.1612492 465.881958 7204.19824
-11.1823254 2.63854837 5.7183733 114.871567 -432.320557 13607.7598
-9.9759531 18.8257999 59.0167618 192.309204 244.249084 -12786.9297
39.3540154 32.7930527 0.552255332 -43.2773094 -580.484314 -2362.94116
25.5123482 -29.7377701 -81.6025314 -116.458199 -1145.10034 5708.66064
-4.19193935 -19.6069908 -5.91507387 79.1292801 -137.549057 -8145.09619
-1.64264035 21.1839046 35.1951828 115.404388 -103.411613 4297.74512
12.4860268 33.5282707 45.9192848 -85.9955139 557.143005 -5730.15967
-23.3107357 -11.5474672 6.60534143 -123.389809 1361.17822 7042.65479
40.7464828 -43.3320122 -65.9545593 83.0958481 -649.996948 19713.123
-5.86070871 -24.2975883 -12.8558273 -116.278549 -372.657562 -5063.56396
-15.7399139 26.0359592 19.0257893 -112.301094 -684.734863 10023.542
-12.9894714 14.1768265 -0.518180132 -175.46492 -107.417824 8265.21289
-1.35742879 24.0312805 97.5433197 -322.261108 -1339.82214 10750.4062
-26.6388664 -23.1490173 -36.484993 140.787094 1128.52209 -19216.8809
27.8866634 -42.5296021 1.78337264 143.441177 127.909348 12793.0869
-61.5725822 -44.9643555 -45.1894379 -96.7086411 -943.784058 22244.4434
12.9175501 -26.9848709 42.9739494 214.207245 1229.13452 -21173.2012
-17.0123291 -14.8812866 -72.4412918 285.098053 1012.29089 -21850.7656
-2.75655723 8.57532883 33.4136391 29.0782089 -79.169075 -6802.1626
3.77056503 -24.1201172 -44.9608879 60.1225395 -52.3968849 2949.9209
23.2161922 1.34826136 42.8960419 -218.558121 734.385559 4557.18848
2.17740297 -9.20987606 -12.9118452 -12.1122532 579.255798 -17106.9023
-28.5915279 0.262952983 -92.4979324 404.63382 587.422119 -19868.2539
5.60950994 -12.3999748 -29.5648613 -18.9395618 416.240417 -14240.7773
-35.4047165 -29.8177986 -43.0763245 50.2404518 280.388062 2613.01221
-25.6913891 -56.3992996 92.3190689 -673.962158 -1240.42249 -17183.8047
-1.16939139 5.82845545 38.8978577 66.7916718 225.440445 21838.0371
-3.08926129 29.7146282 -1.72815394 -118.185234 92.5553894 1447.88123
5.61170101 -1.29849792 18.0400543 279.362427 -1127.01624 -19065.9102
13.0891247 -11.6268644 15.9332523 -17.9350605 -1059.38416 12007.8916
2.555969 5.83878183 -35.8816681 182.409836 -315.102478 9883.55176
95.9229431 55.8814316 98.4546738 -140.873245 -1243.47192 6847.53467
45.9339447 2.5688386 -76.8117142 57.0982285 945.864929 2722.56274
2.06702924 -31.0786533 -93.2912369 164.71994 -532.927673 5089.62061
0.281007171 -3.60328746 7.63249779 74.7359161 87.1144943 2167.86694
-3.20132089 3.14241409 9.03158474 110.320442 -1038.59583 -3162.57056
15.0294447 12.4234295 51.679985 -434.770172 1478.37488 5114.62988
19.6990128 -7.36448574 14.7496386 155.677795 1350.89917 -5029.46484
7.3574357 -27.238802 -22.4981346 -183.693054 -1406.03223 -11068.2725
-48.4833603 -39.4470406 -52.4927025 -193.127121 -8.68282795 -9348.67578
30.4493046 21.5962887 22.8933773 -625.020142 -744.544861 -22426.8633
-5.58036709 20.3255577 92.8865585 13.5789719 1454.51196 -6954.37744
3.00149012 -18.4258232 -25.7043762 -55.9622078 -423.129486 -8715.54883
-0.838297486 37.5063019 56.715889 -144.166061 877.95636 -17287.3652
5.03153133 -1.01112747 -71.4242554 517.231934 1566.14404 17915.6602
6.90961218 -19.6872215 0.603021741 13.0780687 -248.755936 -6072.22803
-7.04764843 -15.9934893 -27.6833477 -10.5180168 -1254.81897 10952.4453
-7.54172897 -10.3575382 -13.3144264 -205.286865 -271.054657 -9245.77148
-21.5174561 10.0062647 -45.5401382 -228.11908 467.950104 -3552.42871
2.08763528 40.3943176 53.127903 -135.224274 334.309998 -15779.5723
-15.0554247 -17.9023933 -26.9789772 -89.3486938 142.021759 21919.9531
-1.35456026 -34.7991524 -47.7125282 101.012215 -781.175049 535.246399
21.0556049 -12.8987074 21.7804508 -118.247978 -296.838593 5214.89355
-9.98514748 10.9426861 -1.13967681 175.419342 -280.788727 -8532.87305
94.8308487 74.7689285 94.7425308 -519.390991 258.88974 18116.291
-30.4009209 -8.07967472 22.8498631 83.5399246 1042.18201 5864.875
-7.02344179 51.3845215 166.66629 -307.401093 -1463.06531 -12697.3916
3.96388221 55.0836411 140.067093 -226.7845 -1502.72375 18225.3105
-16.3882408 -15.2998629 -20.9731617 -90.1045685 -860.206787 13447.6396
6.18704939 21.2758904 49.5568657 -120.932037 8.85410309 20286.1289
-10.9077244 -4.08052826 17.678093 -48.0399857 1339.18689 -12506.458
-20.7025738 72.1783066 129.656738 -72.5419083 873.187988 -14398.418
-4.79173899 4.8232336 23.3525181 -161.376862 1256.58521 -7276.49072
20.7080402 -4.57074165 -20.4899025 162.186737 -885.176941 -9899.78809
-29.8020229 27.5824795 24.0142555 84.2745132 -329.381683 13787.0889
-100.188545 58.1120758 157.594894 126.134079 396.737762 -20487.5469
1.23937476 -26.0045338 -74.2615051 -223.15271 -402.154327 -19858.6504
42.0195389 27.2465553 77.8059921 289.602051 -1012.68536 -16443.6074
16.3969936 38.6267052 57.9512901 -195.363968 1548.04688 8665.27148
13.8493595 42.2151756 72.2994308 103.796616 966.609985 -14144.4141
-3.16330075 -36.0706787 -32.9297943 112.775841 69.4818115 11132.9297
3.47526646 34.556469 24.2910309 -137.779648 -891.056152 2758.46704
-4.68129063 -32.8334732 -74.1084366 51.8234711 1135.64026 10765.8027
9.82173443 -14.344017 23.9492989 236.210587 -749.906067 18138.0586
21.7262955 33.6732635 11.862319 173.218765 1010.69287 20762.4199
3.35738015 5.86391926 50.2037735 193.565765 -488.238495 -9057.39258
-35.2415085 -35.1517181 -29.9395924 -43.8775978 -311.031433 -18913.4062
-10.8293381 -18.4552174 -58.430687 170.400085 41.4341164 4219.27734
5.38829184 -24.4441433 1.11466801 181.797531 1234.61755 -13567.4404
-0.901900649 -16.3154774 -27.965004 -156.99144 -258.87558 18217.9512
-22.3413353 22.0890446 22.1915779 -99.8665161 111.328201 -6462.58105
18.4788418 25.3967304 -52.1878242 -365.585052 -859.520813 -17687.5566
-25.3231411 -15.9552479 -55.630619 326.58786 -1642.47888 -5033.92383
24.3185959 16.255146 49.1684952 144.589523 928.066833 -2238.6499
-5.23260117 -37.8624687 -61.9191666 -435.126282 1090.71082 18275.1836
3.55377507 25.4365425 19.4095306 81.019783 -912.915039 -14305.7881
-29.1409817 27.1119499 33.2199593 80.7736588 -495.928925 -12850.7627
-23.0540791 22.6013985 -8.36546135 -397.724792 -1460.51562 -19914.375
4.11972523 -37.8944016 -26.3419609 55.7750397 -1046.5564 15294.8018
5.06549358 -13.075882 -2.60679913 -147.590759 1217.45496 17793.2402
24.0737972 32.3099289 63.5267639 -302.268951 36.6946068 7504.6665
75.4759903 -31.8504333 23.792078 -39.0511284 -761.048279 -10789.3145
38.5727234 -10.4546022 -84.525383 388.724182 -1010.16693 -13059.709
-19.6782532 -30.3811569 1.4866091 21.0407524 -639.55188 -10748.084
12.6545553 -20.3575764 -46.1274376 141.752213 -162.764954 -1210.74219
-13.6049299 -2.7037878 -101.737801 -470.752441 768.255249 18847.1816
-17.1337986 35.1259956 48.5578346 170.235199 219.909409 -18553.9707
-73.6722412 -71.0657883 -58.9612961 -130.281982 750.21698 -5288.70703
11.3769855 -28.5061798 -54.7667999 -228.720047 -956.532593 -15340.8594
-9.57341766 4.81142616 -50.7123337 -200.545776 -52.014843 -1477.41272
-17.5710182 -21.0656605 -28.3497314 -98.9185028 -1423.94666 17464.2012
-0.62286073 45.1133842 137.120224 -503.0354 -1257.27112 -22382.5195
-3.64181828 2.84345031 -43.349453 -297.451538 47.4411621 16439.6992
17.1823826 14.0221806 17.6244507 100.669586 633.497192 1763.93445
95.4534607 29.5853481 107.502022 -156.701004 -1565.6167 -15476.418
24.9582062 -38.9995422 -55.1126289 202.054413 -900.504639 8817.93555
9.20947838 -33.3538208 -58.952919 204.618713 723.907959 -17086.8535
14.71029 -30.7435875 22.0476131 -309.697083 -573.499329 -21460.75
7.02293396 -26.0366459 -28.887701 -9.22886848 714.925903 -16249.665
2.61189175 -16.8213959 -53.5314445 192.494171 1296.92334 7482.23877
-37.3294411 28.7460918 3.16050315 -110.239304 -623.696411 -9603.63574
25.4620419 -30.0958557 -25.4037762 341.691742 1413.59717 19217.3496
14.0784597 19.674736 1.75962806 106.001854 1241.86816 -8954.73242
-0.583780527 16.8062611 59.4411354 1.32489049 210.724274 -4019.88257
16.7788029 30.3573093 -18.3294926 -215.41954 -1476.82812 3846.08179
-16.2807274 -32.6538582 -37.574482 127.470177 -207.039993 14702.7051
15.2964649 -0.345822483 -31.5338326 -36.0421295 -732.153748 -1337.04333
5.12600946 -49.7730141 -157.429382 208.22345 773.918152 11258.8438
-10.2321205 -38.8065109 -202.79097 118.110931 1650.16638 1725.16907
25.5335236 -34.8304939 15.7838488 25.9698811 1444.71912 5386.2373
-3.01703072 3.72425771 -30.1642017 -6.24272537 -906.29718 -8821.77539
9.13869572 22.3161488 85.4719162 36.844799 1040.38489 18290.1445
-6.00240183 0.950711906 36.0799561 -50.4025307 172.322327 -5650.69629
3.70236731 2.59375334 -33.0652809 67.9307098 31.8337517 2887.12964
23.0830116 23.4322815 -25.0450935 263.105621 -11.2333193 -10248.5059
-14.508462 -37.0999641 81.5625153 -554.048279 27.8749218 20757.9141
-11.2769775 -2.35242701 2.50683165 -50.16679 -433.517883 9970.1875
-25.1887646 36.3450584 43.1819191 193.759537 -1556.12695 -13106.3301
-0.416658014 -5.98132849 -53.3289719 223.558258 -1353.48535 -20067.9453
-0.728928626 31.8326778 54.4941864 -70.3974075 -907.409912 4292.01123
10.3671017 17.7013664 -33.5148392 187.660568 92.2383423 -5355.13623
20.471096 7.79859972 26.9748116 218.436249 206.859848 -13041.5615
0.315290153 0.673813164 22.2002373 -5.44866371 -831.952209 13313.7812
7.45044756 14.8449526 45.0680313 -273.023621 -859.244751 -20662.3086
151.406448 111.368393 95.423317 457.993896 1167.22156 9202.92871
-8.64791203 7.86085892 -60.1198006 148.650665 -486.956146 -4542.97021
17.8666477 33.2684975 44.5568466 120.954704 949.906799 9376.18555
34.2130051 19.4483223 107.591652 391.217102 1006.61597 -22558.4746
27.0728569 -7.29232359 11.6428509 284.154633 -807.432556 9760.87109
-32.6868744 -34.8632317 -101.161308 -79.612442 -1108.58203 2151.0376
22.8014774 -26.2828121 -19.3004208 260.838959 1481.33691 -7172.03564
-20.3722839 -31.2828579 29.657856 312.919739 -332.49118 8350.46484
-3.72826529 50.1979713 69.9883423 -135.76181 1100.95972 -8496.60938
33.8526268 35.0393677 27.8083801 285.189423 573.817627 14173.1396
1.37853372 14.3521423 17.8684311 -8.43288612 -108.116104 -462.642609
-25.7215691 -9.25696278 156.087006 -447.272736 -1100.07288 17127.9531
48.5186882 -35.5751495 -11.5669785 -19.3865547 1230.8092 -13508.2744
13.813817 31.8236465 57.8892326 152.68335 -1042.21265 1493.2915
2.63046908 26.8968124 28.2276211 -109.359917 1017.56171 11998.5674
107.874535 61.7725067 85.8249664 -303.491791 -362.605133 -17127.9941
-3.37344909 28.4675407 14.3408575 217.988754 -868.931885 -1604.20642
15.0577021 4.41728497 48.1902199 -135.744583 437.504211 -9407.64844
31.8741074 2.73562527 8.28757381 150.33728 -1265.18408 6547.05127
2.66359067 11.5528069 0.643277168 91.3993683 -398.245209 10862.6104
16.2649441 3.38406754 35.2237206 -175.618469 1510.76428 -6403.27246
19.1215706 -5.00111198 -48.7449837 -253.282242 773.468933 -14168.4414
17.6816044 42.4646645 30.5156803 -292.750397 -961.513794 9052.9248
5.36256933 -30.692728 -7.67996454 20.7517109 -273.770844 -19452.9551
-87.7567291 -84.3973389 -154.719635 -626.970276 -1225.87122 -18583.6582
2.11312723 6.56081104 -13.0331936 60.2929192 1052.11328 -5981.94482
-11.1766186 -37.2885132 -55.0596619 -180.013046 1276.87878 -8870.18164
1.97697699 -17.6614323 -9.44613361 -209.486786 586.045593 -5756.93799
-7.53248787 4.13736916 4.1589756 172.869598 60.7131462 21285.6426
-18.6746197 -15.7663889 -9.82752514 84.0950012 -813.388 19496.5156
-5.49859095 -27.3547535 -6.59932518 285.910126 1259.46973 15760.5566
-3.79288149 25.4098682 58.8054504 -130.220291 1392.37537 20848.9707
-42.9539604 13.8947306 -27.8261623 84.9338226 -1106.07959 13755.6074
-39.9321175 -32.6422119 59.0245094 -471.272522 -187.654434 -19873.8516
-22.9069138 -48.0208054 -76.5451584 53.679615 1066.75208 -22142.1992
-2.17547631 -41.4340324 -86.1179276 28.5131321 1382.96472 -9962.16211
-3.37681556 -8.37422752 -41.9547348 184.739883 681.298462 17588.1934
69.4160767 12.6184149 119.623955 -325.717773 1673.49597 11773.8672
40.7672081 54.4899712 102.882294 -186.040207 -780.153748 -9309.32812
7.26743698 -3.09242606 -4.12941647 -220.975647 159.467621 8103.34033
41.9443283 -32.2699013 -40.2322578 93.5334854 -1300.53381 -14583.1172
-48.2548103 -29.8697891 -55.2699814 256.927979 -440.207275 3249.86426
21.5670414 6.36870241 13.1129827 -219.746933 -1086.91553 -15820.2793
-6.05264091 10.0522375 5.7037425 -474.045685 1873.34021 21446.7637
15.7681961 26.4701862 64.1758347 108.529465 1272.1709 -2427.9563
-40.537281 19.7850132 -7.90674877 119.5933 204.199753 10502.1182
36.748394 -14.208354 -54.2230225 88.0601654 -1001.93085 -21622.7383
22.1449318 -8.36853123 -42.3092499 7.58994961 1222.76587 924.100647
-3.19996309 -26.9266968 -73.3839493 -683.528503 1818.63892 19535.832
6.19478273 15.4044514 27.8195477 -74.6380844 875.930115 10161.8037
-36.9646873 -49.5215073 -5.91957188 -502.3367 1061.46399 14142.4541
-37.4200516 -25.2691879 -31.1563168 -143.554855 175.426559 -19127.8555
3.43545032 42.7155647 97.5599976 230.079147 -1660.26428 2455.84863
23.9587574 16.2283211 69.6721802 -183.57373 -454.1203 9034.29883
2.37373734 35.2972488 31.7573032 -71.6214905 1088.78821 -3475.24609
0.513311982 -36.6170158 33.4629326 51.5358047 -1385.85803 10173.1562
-1.3309617 38.2749672 93.5928345 -88.8045349 264.132172 13664.376
3.28110313 -1.07509828 -50.1365509 3.51495767 1371.08362 -8559.83301
-2.97169566 -43.2221489 -42.7551994 -24.7299385 1159.12366 4243.08936
-9.95694828 17.6970119 8.5783596 29.8716507 -346.000854 10471.6338
13.5051384 12.5988216 8.08266163 -254.492828 808.554016 11776.0508
-22.704464 -26.9222164 -25.6599674 -36.3611488 197.729843 -4233.85742
10.8585625 -23.9873428 -59.7151108 115.279625 410.969055 3345.48804
-64.996254 -58.6759415 -80.4200821 -303.576874 -114.685715 -11949.4541
-18.9281635 -35.4538078 35.5289574 -540.320251 1262.43872 19545.4629
-8.57240105 8.11550522 96.8177567 -109.151825 -1339.02246 -11098.6475
-21.7918968 -1.24135661 29.6623268 183.394135 596.712891 -8520.43555
-19.3898525 21.6443138 93.8980179 -270.272003 290.719177 -20922.4453
40.345108 -29.5887146 -54.6060028 -275.447937 -1629.56799 -13452.5029
28.8912888 5.59220791 13.7283821 250.309464 388.781403 -519.853699
-5.49118185 -14.4923134 -27.3596172 117.917053 -105.691139 -15819.9619
-16.5500793 -18.4389591 -46.8497963 -76.1709747 -875.885437 -16565.707
-9.47107124 -6.97327948 -7.84950256 47.6719971 -1021.15692 11803.9844
-4.87045193 -30.378006 -89.6336517 -62.3159256 956.014893 -12468.0342
-9.45538139 6.93370104 48.7491226 -43.4891853 -1355.34338 5934.16895
-12.9221487 19.6870651 91.3380508 281.459564 -146.317093 17664.6504
0.626957297 -2.36970592 -26.6509228 209.066925 -335.671204 13496.2734
-98.8141174 -63.1792679 17.2287998 -192.314377 -1258.21167 12385.7871
8.96994591 -41.9730415 -28.1911888 -213.819885 1089.93848 16306.999
-2.22726488 50.6197281 93.2434082 -50.8349113 -39.8700905 11700.5342
-43.2876549 46.0919228 98.4788208 -186.072876 445.752197 380.139984
-22.6544514 -60.4805679 -111.826584 -137.200119 1337.91125 -6515.64355
-25.0697098 14.7643366 133.460159 -413.372894 -197.825439 13006.6162
-7.24454021 -32.6338959 -51.0600967 64.4285507 -37.8285713 18901.9414
-21.9209423 -0.846324563 -42.3954315 274.131897 1643.27795 8024.13135
-74.8127975 -68.8623047 -112.229294 -433.101837 -839.324707 21127.6758
1.04801381 -29.7330742 -18.831192 196.391708 290.328918 -3171.07764
-31.9037838 32.9093857 68.3244858 -184.062622 -502.757385 10253.7236
-27.3093357 -27.2877598 -22.7706795 -64.4514923 -286.358093 -14290.7383
44.921772 -38.9038582 -1.78727794 -338.476044 708.116516 21034.4785
1.48720038 -22.8069324 -62.0047951 -30.7398605 -197.248703 18241.9629
-10.8579054 -35.9235268 19.461607 -189.374176 -1092.41919 4814.8252
7.52508974 -27.2186699 -2.7376523 55.9101944 -137.949539 -9690.29199
18.5733414 -21.0757904 -11.913372 -11.2610531 -505.192383 2190.31396
13.5432119 6.5944562 -31.6632824 -88.3542786 -1249.92566 13816.4912
-20.9772778 8.20625114 -17.9644909 -253.897278 18.9727688 6675.2832
5.54103851 31.2258816 72.0765533 -331.242554 -1126.48328 2513.08008
12.9508247 45.2241478 97.3532639 -105.183144 409.878326 -5858.21631
83.4503403 78.5365829 1.43132329 -546.923584 -693.804932 -20111.8223
35.6581955 -7.20782518 -90.677124 15.7294645 -1365.86926 -21890.168
13.6644363 -8.11792946 -14.7651615 285.567963 -71.6169128 11846.3105
-145.031128 70.9991379 160.00177 7.55411577 -771.068604 -22232.2227
-10.7031507 -25.1596203 -37.4113235 -139.040436 -68.8040466 -16894.3965
-9.07740688 27.6877098 -12.9690046 -130.042328 -890.690002 -4451.97607
9.02229309 5.62195492 -19.4014053 -318.527924 496.487061 -19619.6973
-31.9902687 41.3285599 -1.01883209 246.015228 650.199829 11632.3916
6.08228874 -9.71006203 -24.8485336 -62.0655518 990.341614 7705.31787
-38.8159637 3.72477341 -60.8330269 195.686157 72.6111603 -14785.4014
-0.45747453 10.555872 11.3255653 124.081039 452.172394 4266.43555
21.9171276 15.0745649 53.9761887 94.260437 247.818451 17558.6562
-7.75503397 -15.0179634 -6.31150627 -63.321949 -1346.4884 12443.875
8.00200748 -17.2190361 -0.341005266 -303.745697 1147.08472 -3944.88525
23.2477589 15.2509623 6.83065128 -206.028625 184.212479 8615.79395
-32.0649643 -12.5154953 51.6642609 -122.080147 -801.753845 -5422.99219
25.7872944 -21.4047909 -12.3711538 158.003601 173.884171 -7982.99121
6.94226837 -2.30313468 -57.8628006 237.090515 1224.80615 -14863.9941
-14.326869 22.1317921 36.9053459 316.434692 987.49939 3271.03027
10.7465496 -36.6438828 -15.8171883 453.725098 1215.87415 19927.0254
-2.84308553 -26.586956 39.6629066 -0.301751465 1146.14148 10889.4395
0.212919682 41.8303146 -6.60494041 405.89151 1057.6781 18742.4082
69.073288 -54.4857368 -84.0841217 -50.9834099 -491.863373 8895.09961
7.33884621 11.6725512 22.1050053 -37.9611893 -806.352051 1571.66821
-23.5760117 29.0376987 -15.7655678 367.901794 1153.27368 15679.3418
36.7879601 -8.01667976 -66.4760056 143.177246 962.745972 -7509.75342
-12.4637928 -24.3016529 48.8051605 -174.76329 -912.837036 12832.1953
16.3247623 32.6714249 59.8976326 -5.96049261 -731.356567 277.14267
33.7235374 32.4704971 37.2925186 -78.8463287 -309.185486 9250.11719
-1.77063167 -20.8198242 -24.508131 -145.722137 -156.00766 9882.7832
-15.5113115 -24.8993664 -64.8798141 176.010773 -307.745667 6821.65039
-9.78280258 -10.8152037 -5.37602472 104.318176 -541.24469 -7254.26562
-1.57255816 4.07142448 -28.7401066 -204.629578 777.576477 -2669.32349
-8.10912704 -14.0985374 -42.0210915 187.84584 -1102.11511 -6484.83105
25.6948833 2.14973736 -49.6891251 -147.86853 -1457.07031 -6504.44482
-11.0528574 33.0338249 80.9960556 -88.4301224 13.4458323 -19722.3418
29.8368626 41.8957558 39.5279274 -119.055382 -423.883301 -9878.50586
-10.0251379 -31.9829121 -60.9082108 110.585625 -1344.55493 1475.73975
1.46612787 19.0055313 -38.2154694 112.211563 698.118652 -4379.54443
-9.20968246 19.8465195 34.2271729 -103.95462 382.017212 13580.8418
-46.2980156 5.95070982 -44.4942856 -408.229614 -1609.58008 -21934.0996
7.4031949 15.5487537 -20.6419525 -239.080215 186.613968 -3517.31958
-9.87962818 -46.1339035 -101.411339 -205.396729 -1052.31299 2714.08521
36.0514221 24.9116096 41.0176048 -185.397568 -870.798706 16796.3477
-10.9678593 -17.2814369 -29.6291866 50.7817688 1317.27539 -12014.0596
9.61302853 -4.55503559 69.7734604 131.029968 -1199.96326 12374.0156
-5.51756144 6.34643793 -49.2290344 78.0236969 785.904358 -6219.74512
10.3353682 -10.3326387 -17.9670258 -296.222626 428.449554 5239.44385
-11.5861053 24.682539 -30.8857708 -31.8301697 1228.69397 -15640.0381
26.2408047 9.71374512 -26.8264923 -289.486755 874.604553 -21441.9258
19.4300938 38.5827408 60.2994881 -155.777008 1070.71631 -20038.5918
-5.0780797 32.9010811 71.4011459 42.3552856 444.960052 -808.557373
1.93292773 -5.91497278 -1.61991835 293.076202 1495.276 -9076.60547
35.3221436 -33.1682701 13.387289 -61.1932564 921.402039 -20743.7246
47.3373871 -17.2150288 36.6693535 -56.9754601 -450.098755 -18454.3105
79.5220184 -41.318161 -51.9294472 -671.325867 1690.2937 20141.4082
23.3408833 0.5012483 -73.4017258 -266.484589 -341.910278 8072.0542
-4.86322308 9.60549927 23.2584152 349.186066 1032.17847 8315.71094
10.2561045 -39.6899414 4.01968908 -67.7493515 1415.75427 -3582.80444
-33.2871323 9.61620426 -14.9461708 -18.5496407 1273.17578 -6569.44678
-25.5911617 -11.9954205 -74.174118 405.885437 542.870911 20724.1328
-20.1566124 18.5242043 139.844406 322.087158 147.190964 -1094.6283
-10.9489288 53.1523247 86.6021271 -311.749176 1277.8374 488.183014
86.1931458 30.3812389 164.127502 -276.22879 -1155.78259 8521.54004
-22.9922562 -19.3402309 7.8795495 97.4265518 -915.283936 -17200.5449
-50.5137444 28.7838459 46.4393463 -76.6526947 -1402.21667 -14110.3721
-8.21924782 33.0392914 -1.29980755 114.019775 428.506622 -18869.1289
25.2564125 24.6086559 -43.5460777 443.175049 -92.447998 20239.3223
-45.0697212 -47.2645531 -40.0617752 38.517067 997.277954 8878.55762
0.474690974 -23.4609356 -5.91013718 97.2033539 -717.194946 735.10321
3.09615731 21.1674099 -2.55238152 -120.771248 -784.859436 10630.624
-25.3149319 34.9576149 85.9724731 180.373703 292.28891 -19780.8145
-21.0001907 8.47582054 2.95388055 -142.553436 1024.1925 6739.27734
-14.3688068 17.4170856 -11.7858019 184.961075 -1526.02454 13448.9189
-8.97176361 -34.9275932 -70.8395615 -18.8695965 1004.48547 -15039.0703
19.5756969 26.0711365 40.3890076 -34.7786064 -172.44043 -3528.79443
-15.5980024 35.2124596 51.914566 -160.37706 -1100.05396 -10130.0488
11.5439615 -12.6247425 -51.2247429 87.7943344 990.147156 1512.34998
4.05533648 -10.9249859 1.74027872 -203.531509 -1196.83704 -17391.6992
19.7717361 8.19304371 -27.6421261 53.1557388 -870.637939 10331.5225
-9.09744167 -30.6520233 -89.1137924 57.5049934 831.630554 -16599.2891
-18.1582947 -14.1394072 -26.1602383 -190.449875 -1091.65295 -15446.416
-20.3722572 14.0446777 74.2549667 -170.137848 -1041.56213 16554.1152
3.70913434 6.85334873 40.463131 -10.1270552 497.326355 -10505.0381
1.04071116 5.79615068 -35.8725319 -183.407181 674.039917 -16865.9238
5.28104925 -28.7592335 -10.0168676 -69.7856445 658.155457 -6078.93213
26.5004902 11.7019777 -41.4942894 -181.066071 189.391052 -10210.6865
-8.67149353 -8.56241608 28.682106 35.4060135 297.396667 16241.1074
-2.38777471 -12.1124153 -40.9300385 14.5446177 1332.64636 -14222.8389
-14.0663767 -12.9565601 -49.3870277 158.606567 43.2510757 2850.04614
-9.82264996 6.86143684 14.0064936 -102.20961 41.883297 2997.75537
4.61659575 8.15315723 30.4778805 -141.143234 -169.00238 6611.44385
-5.89990044 -17.4521484 -46.3744278 21.5402527 -554.794739 -9551.27832
-4.60012531 18.1901608 -2.46547937 189.447128 119.601059 2096.79297
-21.4875965 -4.91564131 24.5142479 -4.3284688 140.604935 -16227.0391
11.9586334 20.2810402 0.506227851 88.1534042 1173.67151 -16496.7949
15.2487125 1.00803292 10.0998726 -150.243317 926.264343 -11207.0449
-23.3902588 9.97489166 -5.95980215 -89.1365662 959.235657 4664.30225
-28.014534 -63.6576462 -82.3420639 -186.69841 902.525269 -10036.1328
38.0512161 14.3592072 26.8723602 360.277832 1517.68665 4416.57568
9.68792057 -42.5514603 -22.0017452 -290.839813 -1021.03973 -13785.6895
-3.85162854 -8.82848835 -16.0021172 168.330719 46.7855835 -15385.6074
3.85860157 11.6478529 -12.6391325 -320.900909 182.590469 21955.4141
28.3118687 33.7194176 33.950634 276.96228 23.2668304 -21414.3457
-3.86109114 -32.0587502 -40.8910713 235.022324 652.444824 16460.2969
-23.5651131 3.77820706 -57.4687347 213.973892 -386.952942 4075.09644
-2.3612299 -14.7465258 -24.3598461 141.249481 686.157776 16866.9004
8.73060703 -41.6216545 -50.987278 -5.56353903 397.030273 6312.89551
13.0072765 -28.21982 34.0225639 -234.584793 1348.15039 1219.41589
28.4043789 12.4570742 33.0754776 102.687569 -1118.92554 20279.0566
6.45384359 -17.624588 -25.3942165 -76.3993683 844.358032 -21258.1953
37.1321754 -17.8809795 -8.91024971 -198.533173 -1400.44141 -22077.5898
-14.742631 37.37117 49.5886841 -194.57753 1162.22522 -18500.4941
-44.4190712 -10.7690277 -60.2754936 -316.63031 -1378.68042 -2256.73511
-12.623827 14.540658 92.8410645 -119.407639 1426.92053 13686.2998
-3.05604887 31.6112022 36.8805466 56.9310417 520.084656 -2423.20898
7.69609928 -52.5152512 16.1286964 -58.5509186 -1466.41479 -12622.7197
-28.5992699 -29.8311844 -25.4109211 342.975952 -513.913574 20586.7129
5.43744659 -23.3651333 -43.9571495 154.824402 -324.356201 11958.3213
3.65780973 29.150383 -5.98434114 200.120056 -1154.83679 -12284.1748
-23.2709103 45.1861458 69.8643723 332.226807 -1519.25757 -16718.0957
21.9834881 15.8833838 7.52446222 -193.026443 862.051575 -20256.2285
-7.90889692 -44.914772 -107.336525 -345.433655 -900.460022 -15157.8672
-7.10494995 3.69791603 -25.4392395 9.64694023 -106.419304 -9188.05469
0.138998538 33.110878 65.7879486 -96.3785553 434.678589 752.674927
11.4074354 -16.8591461 -41.6352119 -20.9665356 -1281.97437 2506.99561
3.5301578 -37.1967926 16.2117538 -413.837158 -1528.13367 -3152.62915
8.93831062 -14.9225578 6.67400217 47.6918526 -271.056427 6601.59521
16.4286194 14.8689966 24.768301 -108.887833 -1086.34033 19416.668
-22.9700584 10.5529156 -47.1707764 -36.9115448 1481.55823 -6821.64111
12.2467098 -20.8779659 -55.0189667 34.4859238 -976.78894 21113.5801
11.0500107 8.30389309 -9.56440258 418.581268 -1373.71985 -2360.59619
-0.189970091 -7.00707245 -17.9127522 134.29454 -55.1398468 -12172.1807
-12.7651567 14.3548384 24.0162354 -216.323105 -520.195251 -20324.2812
51.920208 9.20424843 -30.5577202 92.5229111 -1004.87335 20694.2402
-10.18717 24.2045479 -30.2311077 -130.572617 -994.072083 1930.31738
-8.81775856 -42.4488258 -79.9282608 174.486923 -1232.87512 21244.0703
10.4899397 -4.75790501 18.512104 -78.7330551 -1074.68445 15209.3682
-13.3088503 18.672575 -31.3331394 -295.408203 -1306.96936 8362.25391
12.225071 -7.18720007 12.8082895 -562.599731 1679.5011 19451.5625
21.7214985 15.8252363 1.52402723 106.769684 1107.20703 15823.0371
-3.6155107 -27.7130756 -42.9433746 76.2587814 708.143433 1498.42346
28.9339027 19.4782124 -15.468935 36.6738281 -832.836548 3765.05981
1.40558755 -36.0935669 -79.6432037 -130.541687 754.17627 -1926.953
-35.346508 14.5412617 53.0905914 122.684967 -622.114014 -12495.7295
4.23778009 -27.3136635 44.6404762 488.093994 1628.44043 -2733.68994
-38.7081261 -23.4785042 31.1167984 199.681122 -670.065979 7843.021
1.14228237 -23.7824707 -22.10849 -208.504364 178.61499 16037.9805
-69.6422272 55.2265663 31.9383202 153.93428 429.904572 -3966.28076
-3.20105791 1.75604475 -5.19826174 143.195786 -8.75833607 20664.7031
5.58353281 13.2506027 59.7915077 -157.87468 -390.298889 20386.0645
14.8887386 -14.466135 -86.0648193 263.55365 808.234314 20638.2168
-0.391031176 13.8649549 3.2955308 -40.2152977 1433.17383 -18176.0059
-21.1683311 7.25936747 32.7913857 -165.343658 210.595886 19269.3457
-12.5756149 -17.9478893 21.3816204 -177.774841 -794.541199 -3072.51147
4.5204401 13.6149483 -6.03305006 -389.426941 1044.69067 6325.896
-10.2637262 -38.8998833 -7.0957222 173.713989 796.764771 5712.27344
24.002821 -17.6170082 -0.133893847 177.036514 -507.170837 16645.2168
2.55897188 1.82548702 -1.02321422 14.8671341 -1140.32031 -2970.59644
7.59957981 -28.5164604 -54.8875351 -168.052719 419.00238 17669.7734
-37.8055573 18.0228767 104.267799 -299.660522 -1187.78528 20661.6426
17.6079884 -29.0183258 -9.17202568 -319.872314 419.467224 6320.4751
-23.9221725 -18.7939301 -19.3967953 0.442001641 363.601868 10010.1514
3.6482358 18.6323109 23.5259476 -6.22518206 -94.6767349 -15111.6152
43.1128693 -40.5947609 -70.5864258 -299.266632 400.120026 -2273.25977
-7.96742725 18.0374584 -1.72781563 -253.659714 808.675476 -6190.70654
-27.1231213 -2.53715658 1.43421972 -275.42926 -861.706909 -21842.4258
-2.6301043 38.6098175 1.00339627 143.34407 -741.677551 351.837555
6.12151814 0.81640023 -22.4263039 396.476257 1062.33533 5307.48877
-33.5681572 3.56090832 0.253627539 -279.727417 -1497.40808 18939.0156
9.46592999 3.40229154 7.67641211 52.1378403 1240.29895 -18626.5254
-34.7870293 18.2270832 119.380257 -254.583847 68.1591949 -9233.24512
8.91319084 -23.0830498 -31.6043053 -18.9086227 -350.563995 -19748.375
-1.22007203 -36.62117 -72.2954865 -449.318634 1586.38477 18548.3848
-6.09384871 19.6118279 5.51295662 217.592087 713.726807 6211.59521
-54.137619 -55.831562 -65.3641052 -87.7212219 237.606567 10608.3311
5.26284075 -48.9086075 29.0435257 -122.215691 1509.25708 20489.9082
-5.62353039 -20.8509636 -3.44952679 -359.900421 -1508.5553 6842.1084
0.664670944 -11.6478643 2.68518758 398.559814 -599.118896 -11387.6318
5.88673902e-05 16.3033428 4.57152939 171.598953 264.0961 14078.4863
-8.54991722 -13.1489582 -18.2842751 57.5557785 181.084839 -2865.80884
-3.91608548 2.02499318 47.5627747 -51.9455414 -713.400757 17141.9121
21.9935589 -33.1658592 -40.7813377 -176.438705 285.289154 -3699.47998
-8.99900055 12.9604588 74.0678253 113.80555 421.252869 -20010.543
3.21911645 -47.7255096 -65.4492874 106.120819 -434.007416 -14839.1045
32.2459946 -27.1286716 -25.6776104 179.745789 -968.185974 4406.41504
-33.2453117 -22.3989201 -39.6459694 109.365021 71.9742126 -4741.37012
-19.3360443 -36.8150177 -40.2359543 -49.995575 -840.441284 -8141.01953
5.179286 -2.88091421 -34.2149162 -17.2458439 339.10611 6715.4126
14.0214338 -8.75538063 -14.1740789 158.63913 -1474.72815 -17898.6152
-54.4891853 38.6740646 98.4861145 -23.4827213 805.288513 5975.72852
5.75768614 -23.3420773 -13.8477449 159.238525 1000.21753 7836.11865
8.60611439 20.185709 36.9525871 249.218369 -990.218079 8467.90039
18.534483 -31.5060558 -99.0500565 -34.9285126 1463.7312 -625.488892
-0.0998593643 -12.4840841 -46.7501602 -290.545013 -1022.62323 8682.16406
-7.9745183 30.0983276 24.1548443 74.6790543 -427.765045 6153.92432
4.56257677 -11.9296427 1.792943 156.818939 -853.271851 -10942.6143
-12.404891 -13.3933172 -20.8864594 156.724594 215.445679 -18207.7324
-10.5502167 21.0577526 -70.8976974 504.238647 549.263306 10210.9268
14.7397995 7.01988363 -11.6720982 52.7671089 -430.469482 7599.95898
5.4756341 -17.2420483 1.19689012 -62.1346283 373.39325 -13513.8086
-6.71557045 37.9897995 77.430748 55.4536133 1193.6521 7806.14502
-61.6773796 -25.2199535 2.90756392 343.496094 1117.34399 -12327.3711
28.3991909 4.65403843 -41.7889862 34.3955421 -1079.12012 -22180.0996
-14.6365423 -57.8650246 -109.506783 169.699738 860.516296 5684.06006
-6.12956715 -8.99565411 -45.8214531 -86.7454987 1397.49744 -89.1554184
10.7413673 48.7169571 96.9986191 77.3588181 -1204.83154 -6736.04492
-9.89294338 -29.7824631 -26.3147869 59.5038986 54.6685982 20895.1465
4.64600658 27.5981846 133.949371 310.786224 1047.7041 425.399414
5.00968933 36.4855881 53.4670792 -115.155769 -1151.59644 15075.3809
22.7478237 19.0602951 71.2176208 229.547806 47.7469521 17441.9648
43.4338837 35.0517235 -10.1944323 -237.334381 -577.986023 21001.7188
-1.7619828 17.3666306 61.0632324 -83.1512146 -173.702362 18205.084
25.2910156 -29.0770416 -71.2400436 264.800751 182.219284 3792.97388
2.58444262 -23.5870914 -86.1319733 222.464722 -44.2860909 -19280.8281
-2.46934485 11.3328867 -69.3775482 -373.113373 959.924988 -22429.6309
29.719408 3.42531824 41.5871887 -152.900665 80.1743774 6040.10107
-5.65785599 10.900053 -3.45504093 177.791199 432.762848 12717.417
-6.5504756 35.0339661 30.215971 -39.1454391 601.158325 -8716.38281
-13.8939285 17.8002644 26.5638199 118.681801 594.111328 -10979.1289
-102.674507 54.2711258 -4.12366581 -19.9348373 1369.02368 -11737.2129
0.0953725502 10.2568846 -5.33489323 -45.2046814 144.430115 19575.4922
13.333045 3.69877124 10.8704653 167.637222 745.524902 5166.37744
4.30929518 5.36503649 16.9612885 129.831848 -357.979675 3225.50684
-2.26977301 12.4205256 20.3283253 286.443756 -1687.47974 -13040.125
-1.25476837 -11.5737524 -4.35011864 -3.87578011 -649.932495 -9401.51758
22.7977486 -60.981472 -117.724792 45.8856392 -309.722534 17924
10.7159319 -28.4052849 -29.1835079 -309.696533 1655.02515 -11473.6494
4.79515743 7.65125895 42.6316185 66.9043808 -228.880051 -1542.61035
25.6478367 5.2570982 30.9092941 -70.4837952 -775.854248 10252.5723
-21.3413544 41.910881 -24.5069675 -51.4986572 -1300.37256 14560.1309
10.5336952 -32.3894272 -1.81615424 168.964966 284.639954 1474.6217
6.81842804 -34.697567 -70.6654205 181.894058 -587.339966 12897.2363
0.655726016 -11.978528 -58.5066719 9.31942749 228.631012 8648.09473
11.6818867 -11.6226606 -3.49891496 121.214821 1099.72449 -7617.31055
10.1854477 21.4501972 67.3804703 -19.6350498 831.318848 -21892.7168
2.33006525 -46.884449 -53.8516808 -74.5159912 -1194.30603 -10299.2871
-33.4417534 32.0959854 28.6957016 35.8310852 10.4457273 335.369354
5.27970028 -4.27446127 37.7362061 -329.09903 1531.27905 7602.5083
-30.5728607 3.75323153 84.7527542 -275.202087 858.690308 16477.6152
-14.9029274 -29.7369919 -26.1752167 23.6075363 -117.609184 -18082.8457
17.8943634 -33.4270439 -148.416763 -409.326782 -627.392029 12873.7266
4.21936703 -16.0966568 -6.2719326 383.27066 -1479.64233 -18268.7188
21.1754131 -14.0877504 8.75139236 -76.0824432 -857.401123 11795.3193
-12.559844 19.6638641 15.2867613 351.001312 1212.42468 16406.5273
-1.77468693 -23.3626328 -3.12375832 -326.339203 1282.24658 5682.56885
9.74531937 -13.7439814 1.85202634 -40.2322083 1234.56421 14687.7764
4.62684393 -4.73466635 9.62487221 31.91008 -1403.08887 -11907.0732
-14.3428421 -8.7614584 -11.5334597 -23.1375179 -458.662811 -8358.92578
-9.39048767 34.3598824 113.483917 -303.066986 -958.230957 -14606.2441
0.620138168 -65.8007431 -184.580566 269.885468 1216.64893 867.42749
4.03601933 13.4754381 93.3639603 472.186279 1625.68665 18525.8574
1.70073605 -11.7135143 -121.821106 531.067444 484.77948 18314.8828
9.0073328 -7.09209967 -31.2239037 -68.5628052 484.740753 -16131.0205
-11.2692614 -7.22744846 23.4516258 -4.17297554 -400.643341 8400.27441
-3.33727336 -4.61518431 38.3793221 270.263702 1516.75818 -9974.47949
13.1894159 -29.3156433 -5.82202673 -221.67952 564.036926 22239.3242
-2.57293487 -15.2538671 6.29579544 273.948395 -1608.86255 -1532.62659
-7.32142687 -25.4975166 3.12887144 -84.8560104 -487.985382 1498.3562
-3.54890037 8.53843212 37.3625793 -85.2651978 329.162964 -7494.479
-5.61688852 9.23093414 -9.9122076 26.7294426 -265.053375 18525.6172
5.8681407 24.3346939 14.1621294 -95.9060364 -756.020264 14930.5791
-3.86339784 35.0735283 121.949318 -231.843292 448.396149 -3579.89526
-5.70454025 37.7801208 -4.73409033 132.627853 -204.659058 14557.6953
3.8467474 40.1825905 66.6421356 -134.501511 382.372406 -10719.2354
-15.4359579 -10.38346 -14.1749086 170.587097 37.8180695 3576.57227
-0.424221814 17.5837803 48.8845291 204.684021 -400.683594 -19439.6191
3.11984801 4.30933332 30.7604103 -30.3315277 260.993347 8997.30762
-6.52276087 30.2132568 54.2345886 108.774193 -99.5416718 -17282.5273
-12.4923916 13.4909811 109.947411 473.879364 726.716064 10722.3408
-2.65302086 -7.28923273 19.9342518 -198.221603 1098.77734 14300.5977
70.4390106 38.7115555 96.91436 308.554718 865.000732 -16906.3164
-26.2372169 -27.4722843 -61.241188 -139.41925 722.16449 -6058.6709
-23.13908 4.11415148 3.98794103 -122.920578 -1151.11633 21263.1602
-15.0494223 12.5674095 -3.09337878 21.0822983 -732.62439 10785.6621
-6.01842308 -20.0976219 -9.80656815 2.79413056 288.403931 12555.0264
29.7255993 -26.4895267 -49.1508636 -182.230759 -240.171814 19311.8164
-16.3315468 17.6479836 -17.2693939 177.056427 734.404907 -18486.3789
24.3807659 22.4543991 44.0262718 104.375 -699.994507 -11122.5693
19.7283649 -7.57223415 -13.8002682 69.9908218 -1002.33728 4686.90771
-0.539556026 -13.1741838 -59.1509781 149.391266 -181.524643 131.690094
18.0604954 27.4246063 3.25643134 90.5025864 977.54071 4463.6958
-9.93381786 -0.27850166 -34.5046234 100.408287 -870.495544 13909.4629
-6.40350962 -16.7236004 15.4999447 296.037903 -90.3470612 20233.6094
-34.7503395 11.2375326 51.6700134 -181.435379 482.196228 -13675.25
-4.32654476 -4.12835073 6.42486572 136.926361 369.686279 -12855.8896
-16.002697 -24.3777943 -114.071854 -266.036041 -1023.35162 18833.2031
-17.4522667 -2.65262699 -13.468214 390.716125 585.653503 15769.4453
38.9351692 -2.22881532 27.0033989 -273.336395 -6.43652773 19573.7539
36.7167625 -35.2702255 7.28835821 261.916016 -101.773758 -11817.5605
-14.4459219 -57.4988747 -123.626884 -163.59082 2.40755129 11998.4072
28.6752758 -10.8693228 18.9010239 187.332718 -295.806366 -292.291565
13.7937746 1.95680499 25.4465485 129.954102 577.029236 -3830.16699
14.6650829 -58.5093613 -18.6612778 -150.128098 1481.74878 5803.88184
4.82692099 -47.4300919 -115.930481 119.186562 -847.35675 11140.1777
-13.7967634 -8.61786842 19.9430008 -235.325089 350.335571 -14995.2998
-14.8285561 -9.38862896 -35.5514183 106.306084 1349.02759 5982.14795
2.54514503 15.5219183 58.4485207 2.31308031 -1379.93066 -8250.97461
-26.1773205 -35.5293198 -51.4019814 230.374756 371.223083 21174.6035
-15.677289 -37.0441055 -108.195068 290.752563 88.4442749 4289.23438
14.5301886 15.9869967 15.2813473 -125.349701 621.617432 5173.63184
-1.67857075 -2.59382725 37.9475441 13.2457209 -1345.84277 21902.1895
-20.338089 -19.4958134 -57.3358421 87.5245285 319.314697 -21082.1367
18.0568848 -19.9395351 -89.5483322 -179.596558 -1003.1734 5870.80371
7.5343523 49.6102982 19.3874321 -168.725281 1444.84021 20292.125
-9.47681332 18.8310642 66.2443695 46.1032562 -429.918152 -15290.583
-4.01903486 14.6231117 43.5749359 -321.767731 816.970398 11638.4297
21.7480755 -10.4288502 23.1696072 57.3144684 1383.66028 13455.6494
26.4895611 28.0136814 131.430222 -193.304489 -828.342346 4575.52246
-39.0585861 42.0960617 -15.5740995 -427.275543 -1424.60388 -21686.3613
13.3432436 -23.0953598 -87.480011 -83.2185745 624.155151 10663.6885
-3.09318209 -11.9925289 -7.6190443 -35.4008865 -434.432068 -18112.8125
-12.8355932 53.8412819 151.185318 -495.878387 -1608.94287 -1363.82544
28.787569 10.2156525 6.49434948 -233.0224 -1200.69067 -793.532715
-6.6074791 22.2074928 23.659977 80.6872025 58.3349571 13973.9023
28.8609982 -22.3570957 -50.4289589 -71.9886322 1412.97498 4243.95996
7.06213331 11.3649378 15.2288885 -339.441925 993.012268 21395.4863
-24.9711761 -27.7600517 5.49739552 -37.0237312 -1376.96765 16754.2441
12.0130854 -7.19318104 59.4736366 -303.58963 -1475.95935 4817.6543
-42.96978 18.8615723 40.2404823 14.0749731 -76.5617142 1368.08899
-16.5702763 16.4179211 61.7657242 -506.814209 1600.22607 12708.3652
-23.4213734 15.155962 -12.9616385 218.549591 -130.813797 -1818.22498
2.36043334 -2.18208289 -28.8297138 -21.8555069 276.956573 -4760.30176
3.8954761 -20.9425182 -28.6966553 143.750046 -479.312347 3890.95825
-20.0373955 27.7089348 4.69276953 -92.0016861 -70.3391495 12459.0117
4.10341454 28.9447613 28.8214073 90.0275879 -325.111328 6140.60938
11.1483212 22.6334915 -37.3535805 -202.093323 700.645325 -6729.39551
-5.38363743 -7.0637989 -20.7011948 16.0325584 111.623535 14411.8447
6.85721684 2.54492855 76.0856934 -118.656075 -785.617798 -10423.6729
-3.02168703 20.6863708 28.903307 -109.727493 954.824768 -14305.2637
22.8427448 44.2713852 3.59582043 68.7598267 918.241943 -5311.50928
-26.5607452 -22.1585598 10.5724277 -85.6810455 1490.26453 18864.6406
8.38555908 33.4037132 60.6683426 190.17421 -753.743164 17214.3613
-13.3915415 0.639791787 75.2452011 213.793015 334.401215 -10856.7979
16.8025074 -21.3719006 13.8383293 -252.018387 -662.126404 2715.16235
-3.05675387 -18.0246239 -40.9897881 118.774544 129.425491 -17641.1816
-5.37570381 -7.28283691 87.5547638 -369.149872 -685.964722 -13847.3145
14.8465414 5.58773518 26.3519669 -117.85614 -174.574249 -2115.2937
3.40905476 6.95180607 -3.65096426 -122.00901 -450.183899 14874.7383
3.47844839 16.8035526 39.4248161 31.1940517 253.399567 20511.4609
2.08647108 -21.1439018 -8.28952122 219.925201 739.340637 11190.5752
8.26914406 16.8850574 46.9404526 233.179871 -476.086609 -16943.1289
-10.8887377 -5.07280874 -78.8317032 94.9879303 -1350.71533 3205.39771
-36.5830421 -31.4615765 49.5371552 -24.8134632 -1292.93921 -15102.0156
0.228954375 -23.6500454 -27.2390575 -80.9632263 13.6230202 -20918.0664
-10.7729454 2.28082275 -26.632515 -106.955002 37.109436 13053.6406
-10.0423403 -7.72906828 -23.7858925 -122.331497 1186.05249 8672.84766
-12.8726749 40.0579109 45.1503983 8.92392826 1408.1167 15616.3008
-5.87821293 5.69048071 -35.9103546 -4.55330467 684.112122 -324.845367
9.53594971 -47.7513809 18.7638187 390.560516 1225.34009 -7015.37256
-3.54911852 -5.9758482 64.9551849 160.631668 -504.218323 15296.4873
-12.5727358 -25.2539864 -37.8272743 -124.526794 -313.270538 21913.1738
2.4854598 -8.78942108 -49.4086075 291.972382 370.35257 -17749.6504
-10.3776617 -2.874439 -8.86489201 136.406021 -1140.0658 15507.1504
10.5185862 -31.2985249 -25.487339 112.620827 -378.55246 896.40387
-1.99100721 38.1114388 130.791901 392.076569 81.1676941 -15257.0361
1.16941023 -11.158741 -60.309227 -107.46888 -561.275391 3714.42798
-9.20935249 -5.81061697 16.0974312 143.632874 -208.543289 -17315.0723
83.5390701 38.4034386 -9.61720943 19.8221664 -1188.89648 -581.102112
-10.3639965 22.2991962 -9.40858746 63.2636986 -476.794861 19433.4863
-17.577301 -8.97434998 -75.0713806 319.060944 -1344.6366 -10665.7129
-2.97243476 -19.1063118 -18.7180328 -31.0593014 297.170929 10350.2881
17.345438 19.8869247 -22.2273579 154.282547 61.0134315 19986.7383
-9.19360638 3.90578771 18.5842514 -156.623337 -298.868835 -3466.63257
31.5146561 -14.1566458 0.111629516 29.1344414 -1100.54211 16259.5781
-28.7738628 16.4352436 27.934906 -138.005096 -1010.64508 10975.9512
-26.6742477 27.7915726 59.4408951 -0.969291866 -1105.82898 -21779.4805
-1.54822803 23.0660744 65.7842484 62.7305031 733.521118 -2474.48169
-15.6608448 -20.3086262 -36.5245209 -81.348053 482.725067 13649.1025
6.37299538 -24.5096207 -34.4840775 296.023315 902.182617 15824.1406
-5.44824409 -3.31640935 -17.7910213 -46.423214 1111.19128 -14187.1074
-6.09954357 36.1054306 -1.73522663 61.1299515 1387.8894 -3271.28687
9.48249531 -38.9440079 -71.4633942 -54.1301498 -51.4310379 -17749.6797
19.4096222 40.6549606 66.1759872 223.531296 -633.481628 -5853.11035
-0.741949141 10.8886347 -14.4485645 -287.227295 1368.73547 -2995.56006
0.358575106 21.4798107 42.9051933 1.84254313 -467.512299 -13001.3955
-1.27344215 -9.34890366 -20.0985622 195.390488 -74.4071198 -9053.90527
-6.80110693 -34.258522 -12.5163145 165.290726 228.016098 -5174.61475
-40.2439804 -32.8989372 -105.817734 513.545349 1199.57312 12415.2012
-13.7922277 -23.2308235 45.8849831 -182.024612 578.659424 5740.98389
22.3329239 -27.7214565 20.9909077 260.96991 546.878357 -8913.06348
10.4910889 -4.08224297 -11.1801529 -253.785767 440.226807 -21650.2637
-60.2210884 -35.6921806 -58.379055 78.9295425 1092.59436 17705.3438
20.7434406 -15.7591848 -7.69654226 -25.5197639 -134.721161 -2426.10425
1.51599526 21.5691872 -43.2474976 -131.962433 -788.61676 -21762.0254
-14.4718199 -25.6713638 -44.378849 153.435074 923.208435 -5059.13916
-54.3440514 -26.3533173 -17.1831055 -240.999344 -781.841248 7398.72363
-17.5282536 28.6114693 0.520622015 -54.4116631 780.864563 -7507.00488
64.6591873 30.0510426 49.6878204 455.283142 1243.07837 10987.9736
1.2153033 28.1129436 41.2932739 -157.943634 -813.351807 14866.3643
22.9185295 15.7000227 39.1809731 -55.8266563 192.077332 -11610.9492
-0.378659815 -52.8470192 15.2554989 402.27652 1728.64099 15636.2871
-8.30108261 -22.8714638 -38.8690262 -138.775925 -404.384766 -4058.08057
-5.20052814 5.141366 -25.0941391 220.311325 1477.82117 -13876.8096
11.5295334 5.35833311 63.5330353 -425.339722 -230.895813 18941.9336
-0.514335394 -13.2658672 -19.8302689 126.913376 320.155029 11524.8975
-12.2152252 54.2460785 21.5091152 -101.335358 -1412.14624 -7105.57373
19.9706535 2.87794471 47.2813034 269.208405 585.741516 12771.2568
19.3148956 -40.3000336 -33.7246208 126.168121 656.478088 -7602.89307
73.7946548 -67.0301514 -122.779266 -476.027588 -1076.20129 -3727.67407
-0.469278902 -16.4982986 17.9902458 240.903671 853.855286 -22109.7578
-3.22350812 -3.34790421 39.9641876 -360.26358 -335.064178 -12645.6357
-18.8445625 30.9450741 32.1360741 2.93507242 1102.755 -5362.76074
7.55303192 50.0427742 96.9647369 407.37973 1474.8147 11547.5479
8.50143337 28.5521793 10.9819937 96.6604156 -17.6224346 -17810.9102
4.47015333 15.8605871 40.2696991 244.045197 -340.560852 -20078.748
2.96631145 25.0220661 38.1215668 -149.113861 -534.272339 10551.4102
1.70557749 -16.0241776 6.93909121 104.899406 1299.29211 -18298.2891
-7.22801876 -25.6445465 -6.85336304 -60.2393303 -722.967285 4283.33838
-4.11392164 -26.519968 -34.8523369 -9.22258091 -919.342407 21359.9805
12.5066338 8.5671196 -9.56572342 11.3321762 1100.2793 -16244.3672
16.5017757 7.59685802 -1.67262065 -356.518311 272.863831 -20226.6719
2.19266415 -23.4958591 -18.6621113 -38.7920685 329.468109 -15808.0811
-29.890892 -7.9169383 -19.0139923 45.7885742 -969.300842 10871.9102
-24.1244144 -4.0123167 28.7927284 287.467712 -828.896606 -15649.0654
11.4969034 22.6151123 147.331909 673.560242 1787.4657 16599.5273
12.5103979 5.69770908 1.30180633 -135.526093 306.508972 -22179.3262
26.4055214 28.1625423 59.4857445 182.801956 -1410.77039 -1416.29431
0.601683855 -27.1943493 -40.3867149 -93.5616608 -176.121658 16041.3535
-7.86939287 13.2442532 48.9042358 140.353592 -115.804665 2872.42749
-11.4269028 -42.6237068 -43.9352379 261.134766 -684.216919 -4021.65869
-57.6779594 2.61761975 141.265778 -346.06189 -1633.40454 -9191.12207
3.85905409 -9.66791725 -28.7750854 -183.040756 -123.820801 1726.60999
11.4109659 -24.6210918 -70.1685181 192.07164 -1246.15955 -7570.79297
34.2464638 -18.6222 93.5695877 -72.0023499 -1600.2113 -12382.9219
-11.5186672 -35.2536774 -37.4460068 -92.7106018 885.986938 -15880.7852
32.9851341 40.615696 43.9953346 -116.232384 -518.874207 3791.34961
-12.7374487 -0.161381111 -12.5233231 136.305969 745.291931 3438.45142
-14.070857 40.5976562 68.5446625 -36.3821373 1422.5144 -13194.1621
36.6829796 27.8854446 -78.4200668 139.872574 1371.44409 -6662.58154
-11.365201 18.7521114 -10.54387 -158.714249 693.733215 -8442.09863
16.6650124 24.4095955 64.4055939 -250.226059 -312.994476 4641.05469
5.95194912 -10.014616 -19.6677723 519.20343 -1380.67297 -13135.8477
-51.9215889 -22.1801033 -87.0601883 -392.385895 -1703.97583 -6744.01953
5.55086231 24.0367641 68.2493134 150.902176 -164.138504 17139.584
30.9372349 50.9122696 105.019943 -427.902802 -1123.72107 -11570.3262
-0.27028051 -20.7814236 -20.0076351 -64.1137848 910.682129 -20816.2754
-17.179493 22.5907555 -26.9479122 216.191147 -1642.45544 14233.8457
-4.538167 17.9487476 7.27631378 41.6914177 411.569153 -16051.6064
13.0692596 -36.038784 52.549881 -240.019928 -576.375 17658.502
6.44396925 -30.5680656 -39.9729996 -564.34613 1777.52771 16851.2969
-8.70458221 -27.1838131 -7.80921173 -45.5267181 -258.817627 -3363.53271
-38.9571838 -22.8155251 -58.0769196 -247.292938 133.960007 -15514.3916
-10.6856565 -17.2294674 -20.125946 -204.59549 -516.133545 21146.6133
-16.478199 -26.4255276 -38.0190086 102.795738 -1421.48291 -5914.5166
10.1033173 5.63335848 -9.35245514 -52.5766525 -268.723755 -8320.15332
4.62532902 -30.4550591 -56.900425 43.248436 108.590126 17375.5664
1.41409469 15.0121717 47.5663757 208.548447 912.351135 -13761.8584
-3.47802448 -6.36565304 -27.371542 -134.555252 538.315674 -5501.59033
-28.9262924 8.54449749 0.157315388 161.470795 -1385.57373 13614.9756
11.9842186 34.9240227 27.6317291 -0.990147948 -231.990707 -20633.0625
14.6982718 -27.5362778 -33.2671776 88.9028168 312.82489 -16273.9805
-8.97211838 1.78054178 44.1699486 71.6184082 -626.523132 -19642.1172
51.7878227 -40.2965622 -29.5975571 -121.191719 -381.060425 9084.82129
4.39307451 -31.9069977 -28.5928345 65.75383 309.716248 11858.3359
12.2053785 -4.04821539 14.9637213 325.30304 868.404297 11323.8486
-31.4118423 -34.8200188 27.6653442 212.939728 696.404114 18974.9102
-39.0645103 67.2684402 46.6365662 -212.875351 -974.414062 -14406.3203
44.9889679 -43.340786 -76.446785 -411.919708 -732.867249 -13794.4795
13.8809662 40.6022568 59.188343 208.180084 -918.883301 10343.9326
16.7037373 41.9738617 13.8892775 145.518677 -1312.30078 1192.07751
20.587429 12.3777285 54.2944641 -64.0966721 -85.7372894 -21843.8125
23.6124153 -21.7548218 -31.8438606 -287.799774 740.221252 -18696.9668
0.67220211 27.3539238 1.27126491 330.821045 -640.630676 -3685.94263
28.2769566 -26.1740551 -91.7334442 137.364029 -867.037598 -7228.01367
-0.72858876 8.34639835 1.4288398 -43.9959641 -796.001038 16461.5566
-3.11497712 6.0794549 42.3332024 -382.287994 -1502.66528 -18398.3672
-7.45561266 -50.0133743 -88.9022293 -290.068268 1146.90759 5903.12354
-5.76778555 -7.84058332 23.6460361 68.150589 -1089.01953 2562.64087
34.7860146 18.5854683 -34.1401901 -297.789581 -1170.91785 -11397.2373
15.1761932 -10.1711626 41.0241394 227.05838 -344.875092 322.097961
-11.6280231 -29.5719128 -39.1332016 17.5402126 1192.01636 -21721.5352
-15.5277367 21.8057365 37.0532188 139.314636 -1057.16626 -7631.68994
33.3006706 -48.6470947 -27.669239 106.792488 1349.72095 -8015.76904
5.68517494 -40.863533 -135.766144 572.353699 1798.33679 21306.3398
0.25137946 1.16565239 -40.489727 -76.939621 1145.80322 5608.91406
-7.11050129 -22.7870922 24.4992104 -380.229309 -321.847473 -12193.5547
42.8219299 -15.7529478 -61.0578766 -13.2025032 -1379.76855 -54.1242905
2.43860698 19.9333878 67.6480637 221.404205 64.8829651 -20186.1348
0.245670378 -28.2928925 -20.8164406 -22.2093792 517.436157 -5948.10986
-85.6209564 -65.0241928 -102.804626 -175.901703 -764.857422 16294.4619
-46.0962334 46.6147385 55.9450912 218.442856 -134.948654 6134.9707
-2.70205975 -1.33532298 -43.8961143 -33.7315598 -1357.698 1498.02759
116.085205 -39.9486694 74.1877899 -347.75769 986.441589 -10062.5664
8.16796589 42.3856201 83.6028214 -147.1483 13.4221268 30.7747879
4.10445118 -5.59038448 76.6576233 274.938568 -206.708496 -9772.04199
8.39539719 7.00281715 40.9244728 -79.9383545 667.600952 -17179.2402
-15.9976215 37.4990387 50.4054527 -259.67157 95.0501785 -8154.18457
8.83538532 -1.97187948 50.4069901 182.847275 332.020905 18603.0039
5.94919491 -31.5546513 28.5239239 -168.27356 -273.40686 9868.17773
15.3751097 -31.4507065 -40.7861252 47.5191765 1166.79053 -15588.4209
-25.3355064 13.6634912 70.1357498 16.8802795 -917.245178 -15615.2256
-1.06594563 38.276432 86.3243179 190.690262 -297.043701 17306.6309
9.58001137 20.0497665 32.3986282 -209.981781 -1280.40088 9149.09277
-9.16395378 -9.44127846 -74.9902496 -196.554947 24.8872433 9774.93359
49.4127312 13.4061565 179.253983 -600.17041 -955.124329 -8515.90723
46.5148544 -25.5171566 -34.6746101 111.7603 -561.013916 -20480.9277
9.56604385 1.23857713 53.0318108 47.547142 411.705719 17904.793
-11.6920424 -15.5853605 14.1069469 -132.677063 16.2255077 16228.0293
24.5222588 -19.068718 9.7647438 -19.3469524 -755.974609 -13654.2139
-23.6622543 -13.7479582 19.8838654 -77.0748672 -1405.18665 9809.55957
-5.45618677 24.5163612 125.070389 -362.296539 -1391.54749 2874.7644
-12.9973793 34.9991112 25.0864677 -462.11557 796.237976 22367.5898
-4.64440203 11.8618832 13.0034113 -191.269821 -463.90741 -11363.6797
-21.2459602 20.7467804 -41.7580185 -317.797333 -628.508179 -18139.7578
-104.375786 -61.2570381 -145.231537 -682.594604 -1717.78137 -15853.874
24.2403793 57.6845856 128.616058 223.369537 -385.652039 11524.376
8.70345783 12.5732546 -3.57726049 -93.4849854 230.330078 -21522.8301
-6.94643402 20.9194412 -15.8875704 -362.81427 -1650.0603 -14967.8584
-18.7245407 25.7628021 24.4850922 158.256042 -324.893555 -2207.17236
-18.0969162 9.79499626 69.0751266 -85.551857 964.166382 13524.002
19.1314259 21.7692242 29.4055176 33.0899849 444.075653 -10776.2822
-2.68230462 20.232235 -26.8009243 192.047699 522.503418 10710.2812
-16.2378521 -27.1243458 -21.822998 355.516663 -671.609802 -10709.3105
-34.0463982 -8.70523071 7.3116684 -78.1756821 -1111.99622 -2784.62939
24.3516598 12.1114969 -43.1095314 468.68927 1381.71362 8421.79492
15.9186096 -18.9055138 -25.1561489 -129.954941 1489.03723 -6196.15967
-8.37447357 -3.61129379 141.91774 -422.103638 -1110.1593 16388.457
-17.8687668 -13.2810793 -88.3320999 409.210114 -95.189476 -21422.1973
-0.321628362 -81.5264359 -230.811859 -12.568531 1716.87354 -17403.6934
27.7293396 -46.6229553 -40.8308258 118.872787 -587.90686 19366.4785
-7.04910946 23.2149353 -12.9282627 -129.685913 -544.540161 14411.4014
21.2310753 -19.4931431 -60.0550194 -240.927505 -1578.48328 13820.9551
4.00390911 20.0059566 -33.2289467 -358.211853 -602.556458 21515.7578
49.7454262 -22.6532192 14.5521231 -580.879028 1111.26648 14106.5215
9.64335251 4.41533947 -3.29325604 -451.667175 1539.90222 16814.7402
24.6847153 -28.5788898 -29.3585491 -27.2104626 264.429199 8782.41797
-16.4930954 -19.2806377 -44.7666779 -9.04084873 306.286377 -15461.4873
-6.11658764 -14.3959026 39.422039 399.203918 424.200989 9672.54199
-58.8183746 -14.7813177 -54.8572388 236.493301 -712.753906 -1016.59131
-7.11923313 -25.8172588 89.3370132 -312.755737 -296.435089 21652.4395
-4.12973881 -25.7000751 -18.1497688 -15.3224125 173.000137 4018.17871
8.83701515 -46.9588013 -96.6123428 -74.601738 818.270508 2166.95752
-6.11623096 32.1512146 -18.6257439 93.3247299 -1235.63086 -4970.32275
-40.704422 -31.7278786 -60.1290894 170.185867 232.734634 -16945.1816
12.4602365 42.6236229 97.923233 252.236053 -1524.3988 -10464.2783
-16.9926891 -23.8648396 -8.57089329 -642.479492 -1757.83374 -22456.248
4.40788078 24.6486816 15.7489319 -117.840324 -388.292999 20691.1855
-10.7247448 13.4683638 22.245018 -141.824554 -187.535477 3475.86768
0.724985361 -6.93151951 17.8288517 -174.983749 233.510468 -7776.29004
-48.4737244 -6.69710588 -83.6077805 24.1176968 1354.00061 14846.6064
24.1363411 -2.80599928 -17.6030827 136.765427 -576.788513 22165.4902
8.24690819 -8.91265202 -36.7566605 383.872498 1630.39636 -2193.53345
-22.9070034 -37.2978096 -78.4127731 -159.94014 -104.985725 8296.64258
-17.2853317 7.55195904 -63.7240257 -189.315063 -979.455811 -240.734146
-6.04639912 -30.1042938 -19.3088894 31.3351326 1211.3418 -11370.7422
-6.33641863 -21.8219738 -34.8085785 99.9888382 -231.501541 -5042.31738
8.35231781 2.76194882 -51.0626717 -20.7047977 -974.967468 -21971.7344
35.1448135 -6.26389122 -108.265045 303.655029 -329.350952 -8679.38672
-8.12826729 -46.336834 -113.916542 -82.1951599 1030.16675 -12485.9287
-19.103075 8.07251549 25.86623 5.60526705 444.250488 12819.1855
-9.21788311 20.9403019 66.5349503 -162.84491 1355.35059 13153.1816
-2.52518368 0.228521258 -48.21175 226.52887 1128.97327 -7513.96533
-1.18201923 23.670578 -7.30808926 41.3497162 -1333.25647 18109.7266
-19.1595364 -6.23913717 -46.9092522 166.978088 417.522003 16271.0146
58.0638199 -39.2573242 -39.1406174 280.729614 -856.316406 17227.8027
39.9381676 -19.8261261 -9.12159824 282.292633 1026.33655 16546.6465
-12.4670296 3.78158593 -42.0205727 -294.804382 -169.506302 -6280.48291
-71.5223618 -47.7493362 -92.0577316 -323.821411 -1390.22229 -7967.40088
8.29126835 7.60135889 -55.3993607 332.738953 156.199219 11346.2646
13.2013731 6.16756058 -38.8560448 131.840881 -49.9171028 20289.8223
-20.0842724 12.7343874 -37.400486 -463.570465 -265.861572 -17884.0332
33.0374718 -30.7057095 -63.0463867 -35.7424469 185.479065 -16754.5273
29.7661133 24.6685238 -19.6133785 194.497879 445.082611 -15766.0518
-8.71982861 -17.51651 -18.5445099 -150.095886 677.962524 -13528.6836
-7.05576086 22.0602512 -5.87767982 124.989944 622.35614 17663.8477
-24.9212151 49.4656448 72.3559952 6.3124218 -1102.60461 8262.79883
4.20128441 -8.54796219 -16.5913925 -73.5948486 -0.583466709 9574.64062
-7.74404669 15.132019 7.108006 -188.335251 -1485.48279 4236.01172
-20.9538879 35.6644173 14.7090702 -23.4666386 -724.26709 793.869934
